1 2 3 11 21 22 
0 2 20 21 134 135 
0 1 3 4 134 136 
0 2 4 5 11 
2 3 5 6 136 137 
3 4 6 7 11 12 
4 5 7 137 
5 6 12 126 127 137 
9 10 11 23 24 
8 10 11 12 126 138 139 
8 9 24 25 26 138 148 
0 3 5 8 9 12 22 23 
5 7 9 11 126 
14 15 16 50 53 
13 15 49 50 141 162 168 
13 14 16 17 141 142 
13 15 17 19 37 42 53 
15 16 18 19 20 142 143 144 145 
17 19 20 21 39 
16 17 18 37 38 39 
1 17 18 21 135 145 
0 1 18 20 22 39 73 74 
0 11 21 23 74 76 
8 11 22 24 76 
8 10 23 25 76 78 
10 24 26 27 28 78 80 
10 25 27 148 149 150 
25 26 28 29 150 151 
25 27 29 30 80 82 
27 28 30 31 151 152 
28 29 31 32 82 84 
29 30 32 33 152 153 
30 31 33 34 84 85 
31 32 34 35 153 154 
32 33 35 36 85 87 
33 34 36 116 154 
34 35 87 114 115 116 
16 19 38 41 42 
19 37 39 40 41 43 73 
18 19 21 38 73 
38 41 43 44 
37 38 40 42 44 
16 37 41 44 51 52 53 
38 40 44 61 62 71 73 
40 41 42 43 51 62 
46 50 53 54 55 
45 47 50 55 56 120 
46 48 49 50 120 121 
47 49 121 168 169 229 
14 47 48 50 168 
13 14 45 46 47 49 53 
42 44 52 61 62 
42 51 53 54 58 61 
13 16 42 45 50 52 54 
45 52 53 55 57 58 
45 46 54 56 57 60 63 
46 55 63 64 120 122 
54 55 58 59 60 
52 54 57 59 61 71 
57 58 60 65 66 69 71 
55 57 59 63 65 67 68 
43 51 52 58 62 71 
43 44 51 61 
55 56 60 64 68 
56 63 68 111 113 122 
59 60 66 67 108 109 
59 65 69 70 107 108 
60 65 68 109 110 111 
60 63 64 67 111 
59 66 70 71 72 75 88 95 
66 69 88 95 96 97 107 
43 58 59 61 69 72 73 
69 71 73 74 75 
21 38 39 43 71 72 74 
21 22 72 73 75 76 
69 72 74 76 77 88 
22 23 24 74 75 77 78 
75 76 78 79 88 89 
24 25 76 77 79 80 
77 78 80 81 89 90 
25 28 78 79 81 82 
79 80 82 83 90 91 
28 30 80 81 83 84 
81 82 84 86 91 92 
30 32 82 83 85 86 
32 34 84 86 87 119 
83 84 85 92 93 94 119 
34 36 85 115 119 
69 70 75 77 89 95 97 101 102 107 
77 79 88 90 101 103 
79 81 89 91 103 
81 83 90 92 103 104 
83 86 91 93 104 105 128 
86 92 94 105 106 129 
86 93 118 119 129 131 132 133 
69 70 88 96 97 98 99 100 
70 95 97 100 125 
70 88 95 96 98 125 
95 97 99 124 125 
95 98 100 124 125 
95 96 99 125 
88 89 102 103 207 
88 101 107 185 206 207 
89 90 91 101 104 207 208 
91 92 103 128 208 209 
92 93 106 128 211 
93 105 129 211 212 213 
66 70 88 102 108 181 182 185 
65 66 107 109 181 184 
65 67 108 110 184 220 
67 109 111 112 113 220 
64 67 68 110 113 
110 113 122 123 220 221 
64 110 111 112 122 
36 115 116 117 132 133 
36 87 114 119 132 
35 36 114 117 118 154 225 226 
114 116 118 133 
94 116 117 129 133 213 226 227 234 236 
85 86 87 94 115 132 
46 47 56 121 122 123 
47 48 120 123 229 230 
56 64 112 113 120 123 
112 120 121 122 221 230 
98 99 125 
96 97 98 99 100 124 
7 9 12 127 136 137 139 
7 126 
92 104 105 209 210 211 
93 94 106 118 213 
131 132 133 
94 130 132 133 
94 114 115 119 130 131 133 
94 114 117 118 130 131 132 
1 2 135 136 139 
1 20 134 139 140 145 146 147 
2 4 126 134 137 139 
4 6 7 126 136 
9 10 139 140 148 
9 126 134 135 136 138 140 
135 138 139 147 148 
14 15 142 161 162 
15 17 141 143 155 158 160 161 
17 142 144 155 156 
17 143 145 156 189 191 
17 20 135 144 146 157 191 192 
135 145 147 157 
135 140 146 148 157 194 196 
10 26 138 140 147 149 196 198 
26 148 150 198 200 
26 27 149 151 200 202 
27 29 150 152 202 204 
29 31 151 153 204 205 
31 33 152 154 205 
33 35 116 153 205 225 228 
142 143 156 158 159 
143 144 155 159 164 189 
145 146 147 192 194 
142 155 159 160 163 164 
155 156 158 164 
142 158 161 163 170 178 
141 142 160 162 165 170 171 
14 141 161 165 168 
158 160 164 178 179 
156 158 159 163 178 179 187 188 189 
161 162 166 167 168 169 171 172 173 174 183 
165 167 169 
165 166 169 173 229 230 
14 48 49 162 165 169 
48 165 166 167 168 229 
160 161 171 172 175 178 
161 165 170 172 
165 170 171 174 175 
165 167 180 183 221 230 
165 172 175 176 183 
170 172 174 176 177 178 188 
174 175 177 181 182 183 
175 176 182 185 186 187 188 
160 163 164 170 175 179 188 
163 164 178 
173 183 220 221 
107 108 176 182 183 184 
107 176 177 181 185 
165 173 174 176 180 181 184 220 
108 109 181 183 220 
102 107 177 182 186 206 214 
177 185 187 206 214 215 216 
164 177 186 188 189 190 206 
164 175 177 178 187 
144 156 164 187 190 191 
187 189 191 192 193 206 207 
144 145 189 190 192 
145 157 190 191 193 194 
190 192 194 195 207 208 
147 157 192 193 195 196 
193 194 196 197 208 209 
147 148 194 195 197 198 
195 196 198 199 209 210 
148 149 196 197 199 200 
197 198 200 201 210 211 
149 150 198 199 201 202 
199 200 202 203 211 212 
150 151 200 201 203 204 
201 202 204 205 212 213 228 
151 152 202 203 205 
152 153 154 203 204 228 
102 185 186 187 190 207 214 216 
101 102 103 190 193 206 208 
103 104 193 195 207 209 
104 128 195 197 208 210 
128 197 199 209 211 
105 106 128 199 201 210 212 
106 201 203 211 213 
106 118 129 203 212 228 234 
185 186 206 215 216 217 231 
186 214 216 217 218 231 
186 206 214 215 217 
214 215 216 218 219 231 232 
215 217 219 231 232 
217 218 232 
109 110 112 180 183 184 221 
112 123 173 180 220 230 
223 224 233 234 235 236 
222 224 233 235 
222 223 235 
116 154 226 228 233 
116 118 225 227 233 
118 226 233 236 
154 203 205 213 225 233 234 
48 121 167 169 230 
121 123 167 173 221 229 
214 215 217 218 232 
217 218 219 231 
222 223 225 226 227 228 234 235 236 
118 213 222 228 233 235 236 
222 223 224 233 234 
118 222 227 233 234 
